[{"id": 0, "img_name": "UHD01", "width": 3859, "height": 2162, "position": [-0.004097540629054825, 1.308211061599459, -2.905589780602894], "rotation": [[0.9959047299997691, 0.04127256723783359, -0.08043844825508115], [-0.06309213134685522, 0.9545248939821395, -0.29137880796395693], [0.06475454984939692, 0.2952605662156459, 0.9532198310525323]], "fy": 12924.29419900284, "fx": 12924.29419900284}, {"id": 1, "img_name": "UHD02", "width": 3891, "height": 2168, "position": [-1.1466180775745756, 1.3795025511698313, -2.949890384738939], "rotation": [[0.9428802692360151, 0.094628247974249, 0.31940928692000153], [-0.021218894625209487, 0.9739201567618859, -0.2258966284914139], [-0.3324553449657624, 0.2062159618900236, 0.9202980064443628]], "fy": 6143.943039605126, "fx": 6143.943039605126}, {"id": 2, "img_name": "UHD03", "width": 3845, "height": 2160, "position": [-2.4426077189900086, 1.3502679008662224, -2.2238838358035578], "rotation": [[0.7653623439503964, 0.03609052896270863, 0.6425869250007713], [0.12053215761433868, 0.9727235637207494, -0.1981940149531191], [-0.6322123705240092, 0.22914262436656535, 0.7401359174197777]], "fy": 13795.204858882269, "fx": 13795.20485888227}, {"id": 3, "img_name": "UHD04", "width": 3895, "height": 2168, "position": [-3.2387211204685697, 1.2238991508037225, -1.104050415159882], "rotation": [[0.5188364159011961, 0.11274195016452147, 0.8474066474886196], [0.056522399097644484, 0.9845723247671873, -0.16559757154856716], [-0.8530029260999331, 0.13381550723154914, 0.50445953067547]], "fy": 5557.314060029539, "fx": 5557.314060029539}, {"id": 4, "img_name": "UHD09", "width": 3863, "height": 2163, "position": [-0.4419680249400814, 0.22820538316904515, 4.149094180255371], "rotation": [[-0.9974583704047119, 0.056272738226188584, 0.04370558593707553], [0.060009225291633696, 0.994177436938014, 0.08949925565756975], [-0.038414739221738714, 0.09189452005363503, -0.9950274895673172]], "fy": 7117.623054484412, "fx": 7117.623054484412}, {"id": 5, "img_name": "UHD10", "width": 3874, "height": 2165, "position": [0.9635594748331208, 0.17969001227772202, 4.020505176594358], "rotation": [[-0.9552987337250748, 0.06352592381449489, -0.28873653448565123], [0.03579870122684773, 0.9943109856157885, 0.10032007214027654], [0.29346683344756275, 0.0854992449514871, -0.9521381710544884]], "fy": 6641.053084238639, "fx": 6641.053084238639}, {"id": 6, "img_name": "UHD15", "width": 3844, "height": 2159, "position": [2.74210108128167, 1.0010779370969594, -1.7047392976195384], "rotation": [[0.6791272693484264, -0.0704870822396076, -0.7306283071882016], [-0.09926739246448538, 0.9774145323915974, -0.18656585074181456], [0.727277207686761, 0.19922952368326832, 0.6567917935482189]], "fy": 13601.710214657569, "fx": 13601.710214657567}, {"id": 7, "img_name": "UHD16", "width": 4034, "height": 2190, "position": [0.8668851351034829, 0.45938859058328174, -3.0607312512895084], "rotation": [[0.9612697977002354, 0.08563295541317884, -0.26196826711751375], [-0.08061395161359583, 0.9962978275931205, 0.029866863552603543], [0.26355600322244493, -0.007591816675442934, 0.9646142221038301]], "fy": 4272.0074328025285, "fx": 4272.007432802529}, {"id": 8, "img_name": "UHD17", "width": 3862, "height": 2163, "position": [-1.1383839779268496, 0.5726076299170575, -2.9831642206892486], "rotation": [[0.9591702797879432, 0.02435392524145523, 0.2817787442247061], [0.002526717792844274, 0.9955081721236104, -0.09464193009603715], [-0.28281794509668945, 0.09148970193656482, 0.9548003164907544]], "fy": 13496.004566362204, "fx": 13496.004566362206}, {"id": 9, "img_name": "UHD18", "width": 3843, "height": 2159, "position": [-2.463469610485658, 0.5286075411275122, -2.3175594287204118], "rotation": [[0.8136439079757734, -0.01918624562596913, 0.5810468819232157], [0.06542641373294797, 0.9961278958910038, -0.05872477683062435], [-0.5776702999115988, 0.08579687061042203, 0.8117486813007471]], "fy": 13707.586050790791, "fx": 13707.586050790791}, {"id": 10, "img_name": "UHD19", "width": 3838, "height": 2158, "position": [-3.316839690335755, 0.4175929002762442, -1.2557036487253197], "rotation": [[0.5247789083387773, -0.13345884541400221, 0.8407115045861585], [0.24312203317996034, 0.9699931626120604, 0.0022229413612205413], [-0.8157810823653634, 0.20322893757192798, 0.5414787388145373]], "fy": 13578.814403780489, "fx": 13578.814403780489}, {"id": 11, "img_name": "UHD20", "width": 3878, "height": 2165, "position": [-3.685471290024072, 0.22653671582420143, 0.057727080610695584], "rotation": [[0.01900642809296806, -0.09644428124380547, 0.9951569003461276], [0.11318878529613735, 0.9891454025897467, 0.09369990084708164], [-0.9933916924226472, 0.1108597003014791, 0.029716532010557305]], "fy": 6173.340212155592, "fx": 6173.340212155592}, {"id": 12, "img_name": "UHD21", "width": 3877, "height": 2165, "position": [-3.6213589771291304, -0.01982271598331903, 1.4212138886670649], "rotation": [[-0.3419105795038861, -0.11255735678388598, 0.9329673076036165], [0.17342878009031956, 0.9681896380627703, 0.18036430629219782], [-0.9235906094475516, 0.22347184650802693, -0.3115135951424793]], "fy": 6466.091101731424, "fx": 6466.091101731424}, {"id": 13, "img_name": "UHD22", "width": 3845, "height": 2160, "position": [-2.9496909978068744, -0.2730780668704447, 2.7541514144912416], "rotation": [[-0.6603683127467431, -0.02214503599941339, 0.7506152735593677], [0.13634784317219772, 0.9794146156401519, 0.14884984492011896], [-0.7384598548210386, 0.20064049454444227, -0.6437549493142962]], "fy": 13976.572060540442, "fx": 13976.572060540442}, {"id": 14, "img_name": "UHD23", "width": 3842, "height": 2159, "position": [-1.845053133208845, -0.4604772715307825, 3.6097690140694367], "rotation": [[-0.8919922628153202, -0.031806142658054225, 0.4509303409250924], [0.06951448007988034, 0.9760059013048726, 0.20634974600732336], [-0.44667386327927044, 0.21540856507408995, -0.8683787249558184]], "fy": 14096.752177742072, "fx": 14096.752177742072}, {"id": 15, "img_name": "UHD24", "width": 3890, "height": 2167, "position": [-0.49649119450193674, -0.5970714891770355, 4.006909753131654], "rotation": [[-0.994529746724662, 0.01700760390664484, 0.10305980928147518], [0.04760022915588426, 0.9520456277121654, 0.30223060887086894], [-0.09297742233513825, 0.30548300143134566, -0.9476472628422508]], "fy": 6143.42687209708, "fx": 6143.42687209708}, {"id": 16, "img_name": "UHD25", "width": 3852, "height": 2161, "position": [0.9208439712371539, -0.6665314110601958, 4.003703634475968], "rotation": [[-0.9696670935544967, 0.0813373758629112, -0.23049936868744428], [0.029401070142769915, 0.9749755447294842, 0.2203593979250834], [0.24265470271980058, 0.2068983288167907, -0.9477931086375256]], "fy": 14760.303178757385, "fx": 14760.303178757387}, {"id": 17, "img_name": "UHD26", "width": 4475, "height": 2238, "position": [0.9849046217547346, -0.03839458295154668, 1.8129169183496212], "rotation": [[-0.7236079179124338, 0.20390453105514314, -0.6594046734362851], [0.018340552182319673, 0.9607094883318358, 0.27694927906537287], [0.6899675392944795, 0.18830884536942058, -0.6989167142625476]], "fy": 6804.791361832765, "fx": 6804.791361832764}, {"id": 18, "img_name": "UHD27", "width": 4011, "height": 2186, "position": [2.475378977455517, -0.9900030385429485, -2.248699711945492], "rotation": [[0.6990891814155823, 0.4053505504007952, -0.5890375605319779], [-0.1974368838885522, 0.901192516617935, 0.38583769239436844], [0.6872357625357324, -0.15343721609050806, 0.7100450882939231]], "fy": 4241.632968691701, "fx": 4241.632968691701}, {"id": 19, "img_name": "UHD28", "width": 3904, "height": 2170, "position": [3.53831783883462, -0.2708807490293311, 0.7308923188050381], "rotation": [[-0.06830629438439041, 0.21467296470490704, -0.9742944977635245], [-0.09942738596542139, 0.9702487534154298, 0.22075223988872159], [0.9926975597167327, 0.11195032255697293, -0.04492972525882611]], "fy": 5989.080227821398, "fx": 5989.080227821398}, {"id": 20, "img_name": "UHD30", "width": 3877, "height": 2165, "position": [2.651706176882021, 0.2071661541461413, -1.9413906707321857], "rotation": [[0.6392472471177034, 0.12123187677727906, -0.7593851388495145], [-0.09201887224095089, 0.992458966437138, 0.08097979433186618], [0.763475922478202, 0.018111653474666974, 0.6455822827529207]], "fy": 6600.169778280837, "fx": 6600.169778280837}, {"id": 21, "img_name": "UHD32", "width": 3891, "height": 2168, "position": [0.1088248779316166, 0.5532257801827196, -3.1794860031804055], "rotation": [[0.9995085492812671, -0.0014575702379753732, 0.03131350192262984], [0.0019369029328299024, 0.9998813372373778, -0.015282665062810605], [-0.031287510618231824, 0.015335805599792446, 0.9993927680076136]], "fy": 6227.318391732759, "fx": 6227.31839173276}, {"id": 22, "img_name": "UHD35", "width": 3889, "height": 2167, "position": [-3.3459396679265074, -0.7903212083383477, -1.5861788921635647], "rotation": [[0.5678155320512491, -0.32632098071102894, 0.7557116772348758], [0.04293854164224628, 0.9285582949810802, 0.3686946900396944], [-0.8220351593472106, -0.17690141426687792, 0.5412615693242819]], "fy": 6026.61580916911, "fx": 6026.61580916911}, {"id": 23, "img_name": "UHD37", "width": 3863, "height": 2163, "position": [-0.6660361279219833, -1.8834238273233597, 3.853222531366137], "rotation": [[-0.9968403988925989, -0.014679625476937762, 0.07806233234730849], [0.03124183607240876, 0.8311025813522889, 0.5552408909188759], [-0.07302853424839871, 0.5559253617756783, -0.8280180102631293]], "fy": 7240.312443720913, "fx": 7240.312443720912}, {"id": 24, "img_name": "UHD38", "width": 4005, "height": 2186, "position": [3.028481028182577, -1.7394113841580985, 1.9133835169257891], "rotation": [[-0.5215134638828341, 0.4529831737035007, -0.7230698108277175], [-0.08444357015638619, 0.8158755744899943, 0.5720282601496758], [0.8490541740361276, 0.35937903568812385, -0.38723858054138016]], "fy": 4674.995591759556, "fx": 4674.995591759556}, {"id": 25, "img_name": "UHD39", "width": 3940, "height": 2176, "position": [3.456800297878512, -1.5400352876877077, 0.578168349839837], "rotation": [[-0.2408218829305708, 0.5180838955035675, -0.8207276636751212], [-0.26293664850960907, 0.7791674783030171, 0.5690011947487034], [0.934274659600863, 0.35282732033498526, -0.051417336112686646]], "fy": 5432.057214981281, "fx": 5432.0572149812815}, {"id": 26, "img_name": "UHD40", "width": 3940, "height": 2176, "position": [3.120942105188624, -1.0247532533107626, -0.9578623464276], "rotation": [[0.29502723298435796, 0.4619460316195653, -0.836399901762625], [-0.258884466799124, 0.8812666550394164, 0.39540854260596303], [0.9197487508269453, 0.09987465437524207, 0.3795883148434622]], "fy": 5160.218567663322, "fx": 5160.218567663322}, {"id": 27, "img_name": "UHD42", "width": 3918, "height": 2172, "position": [0.3457411575114673, -0.7065386481993068, -3.4028514294786945], "rotation": [[0.9892657583986184, 0.14124388519746178, 0.03746230311036161], [-0.14611703511425722, 0.9530605831218307, 0.2651892474232224], [0.001752515171198903, -0.2678165226303306, 0.9634683382949187]], "fy": 5453.479435416401, "fx": 5453.479435416401}, {"id": 28, "img_name": "UHD45", "width": 4014, "height": 2187, "position": [-2.5672380784809232, -1.0559432364402672, 0.9782096523898867], "rotation": [[-0.467685220986448, -0.5034126566344683, 0.7265302686131415], [0.10752936837496138, 0.7834549238991846, 0.6120750094187843], [-0.8773300228578403, 0.3643817769295687, -0.3122786442168451]], "fy": 4254.051183894568, "fx": 4254.051183894568}, {"id": 29, "img_name": "UHD47", "width": 3980, "height": 2182, "position": [0.38148079999087375, -1.2899696295408638, 2.0855249163124494], "rotation": [[-0.9363810633945608, 0.2867747804749046, -0.20236286566373918], [0.07458791555774057, 0.725974336737134, 0.6836650534083406], [0.3429681427899997, 0.6250771853800524, -0.7011785545412305]], "fy": 4325.534648510512, "fx": 4325.534648510512}, {"id": 30, "img_name": "UHD51", "width": 3854, "height": 2161, "position": [2.13933633786101, 0.40998870924734704, -2.264057579698179], "rotation": [[0.7425328047372439, 0.1327579434217847, -0.6565214104257835], [-0.21634104662203638, 0.9751620469799049, -0.04749245915346466], [0.6339097612716843, 0.1772972379603806, 0.7528108022445589]], "fy": 13437.704032795253, "fx": 13437.704032795253}, {"id": 31, "img_name": "UHD52", "width": 3860, "height": 2162, "position": [1.746740088226296, 0.4304145655059204, -2.580460191333264], "rotation": [[0.8372979467671552, 0.10479831001888681, -0.5366092270513912], [-0.15374493860897992, 0.9869854543246521, -0.04714028854049477], [0.5246852791832712, 0.12197141947499585, 0.8425131041352576]], "fy": 13575.19190364041, "fx": 13575.191903640412}, {"id": 32, "img_name": "UHD57", "width": 3876, "height": 2165, "position": [-2.519814417713986, 0.6239467162602507, -2.243593809050789], "rotation": [[0.5975247518231696, 0.032086918484124836, 0.8012082130263348], [0.03043478115269889, 0.9975714930166799, -0.06264854680405274], [-0.8012726721003575, 0.06181865400237529, 0.5950971004487315]], "fy": 6584.4131250551245, "fx": 6584.413125055125}, {"id": 33, "img_name": "UHD59", "width": 3841, "height": 2159, "position": [1.1976016329144752, 0.14917126806608708, 4.067321070353853], "rotation": [[-0.9550941817580221, -0.010190600139202163, -0.2961270937296635], [-0.04391020979136218, 0.9932411504359668, 0.10744259191175434], [0.2930307107592182, 0.11562079721849401, -0.9490863152540484]], "fy": 14623.633917409703, "fx": 14623.633917409703}, {"id": 34, "img_name": "UHD62", "width": 3848, "height": 2160, "position": [3.6931976078622446, 0.8257823947225521, -0.8442667459317456], "rotation": [[0.3956300959848856, 0.039526768607372004, -0.9175589690665388], [-0.16891450977052497, 0.9851619929540835, -0.0303930259717802], [0.9027428845136213, 0.1670134192279092, 0.39643637857521247]], "fy": 15228.72793059704, "fx": 15228.72793059704}, {"id": 35, "img_name": "UHD63", "width": 3827, "height": 2152, "position": [3.377884253609007, -0.22090483622368035, 0.5353880408770558], "rotation": [[-0.05889150148880964, 0.16619760250086257, -0.9843323361423004], [-0.1423593238046157, 0.9745675715848725, 0.1730660895180138], [0.9880615436187595, 0.15032100764074816, -0.03373396928296504]], "fy": 13334.53105826109, "fx": 13334.53105826109}, {"id": 36, "img_name": "UHD68", "width": 3843, "height": 2159, "position": [-1.8153821650395505, 0.36738864677247496, 3.769910183268526], "rotation": [[-0.8906314200471873, 0.06424904673332177, 0.45016411853743926], [0.11689487477046757, 0.9890477962913855, 0.09011129176496516], [-0.43944426481310106, 0.1328778260095092, -0.8883874275775515]], "fy": 14026.26595243327, "fx": 14026.265952433268}]