[{"id": 0, "img_name": "UHD01", "width": 3849, "height": 2160, "position": [0.5933778477007896, 0.43244930097472256, 3.611013877690906], "rotation": [[-0.9994255065733759, -0.024374528401450865, -0.023548655497866045], [-0.024206037375209724, 0.9996795002443918, -0.007413807774201673], [0.02372181622768926, -0.006839528955251858, -0.9996952016882594]], "fy": 13699.07653626795, "fx": 13699.076536267952}, {"id": 1, "img_name": "UHD02", "width": 3825, "height": 2151, "position": [1.7625904002181418, 0.4668628810764116, 3.3183330158135615], "rotation": [[-0.9073734581206407, -0.06813102230540238, -0.4147668878994688], [-0.09900860580401141, 0.9936539455999108, 0.053377264546577444], [0.4084981070640788, 0.08949860442124334, -0.90836077432467]], "fy": 6095.851698072845, "fx": 6095.851698072845}, {"id": 2, "img_name": "UHD03", "width": 3843, "height": 2159, "position": [3.0292867572792597, 0.6280688864279208, 2.47524705508917], "rotation": [[-0.6968789644434442, -0.012406275116971493, -0.7170814411585017], [-0.05284355274372715, 0.998020826590225, 0.034087954259316114], [0.7152393080988018, 0.06164830922163489, -0.6961553117806829]], "fy": 13789.27456230742, "fx": 13789.274562307419}, {"id": 3, "img_name": "UHD04", "width": 3853, "height": 2161, "position": [3.7373196821363703, 0.8211996466415182, 1.245862690332598], "rotation": [[-0.43325107224128145, -0.07883121710946218, -0.8978191062852364], [-0.18161177103188456, 0.9833694554154032, 0.0012956769179818283], [0.8827857458208317, 0.16361587137271952, -0.4403625479198968]], "fy": 5546.71959076857, "fx": 5546.71959076857}, {"id": 4, "img_name": "UHD09", "width": 3850, "height": 2161, "position": [0.32913772090293025, 1.3999154571627084, -3.722720200535363], "rotation": [[0.9986123610450146, -0.01998770222092465, 0.04872211128460057], [0.029276236675532013, 0.979740338957324, -0.1981205950574199], [-0.04377504236685091, 0.19927207526323296, 0.9789659777980361]], "fy": 6710.700743321549, "fx": 6710.700743321549}, {"id": 5, "img_name": "UHD10", "width": 3845, "height": 2160, "position": [-1.0220132063749634, 1.3406957765018104, -3.4679272198550284], "rotation": [[0.9272024140086317, -0.027021049183898894, 0.3735847244703232], [0.101743450656311, 0.9780623624175114, -0.18177537091372764], [-0.3604773969406581, 0.20655236169862054, 0.9096109982688256]], "fy": 6225.305856863528, "fx": 6225.305856863528}, {"id": 6, "img_name": "UHD15", "width": 3843, "height": 2159, "position": [-2.349266480327368, 0.523445334810287, 2.4160390206389195], "rotation": [[-0.7517841541360909, 0.09534580549688214, 0.6524797031050337], [0.12489402012778837, 0.9921694983407956, -0.0010818033525890364], [-0.6474736051193143, 0.08067753055420573, -0.7578054280205924]], "fy": 13550.625549920778, "fx": 13550.62554992078}, {"id": 7, "img_name": "UHD16", "width": 3892, "height": 2168, "position": [-0.31114455943433184, -0.3967562150341866, 3.2422603285586065], "rotation": [[-0.9843247801269208, -0.03920680062634226, 0.17195218525140737], [0.01463911190928277, 0.9534497912836681, 0.30119626807720745], [-0.17575671717062646, 0.29899217763308766, -0.9379303034253813]], "fy": 4096.4653702682335, "fx": 4096.4653702682335}, {"id": 8, "img_name": "UHD17", "width": 3844, "height": 2160, "position": [1.754824246288568, -0.35646692052212586, 3.200304151833484], "rotation": [[-0.9271247190386828, 0.013090440654460299, -0.3745242257997671], [-0.062100472744214076, 0.9802060448223324, 0.18798840650078627], [0.3695717611403609, 0.19754683003589754, -0.9079603313528514]], "fy": 13753.907217900804, "fx": 13753.907217900802}, {"id": 9, "img_name": "UHD18", "width": 3842, "height": 2159, "position": [3.0235829280017255, -0.21459353489983182, 2.322743079958414], "rotation": [[-0.7518770759750908, 0.057864495248868685, -0.6567591360710103], [-0.08809929689563627, 0.9783898900627698, 0.18706078399668796], [0.6533906767850616, 0.19850673341867947, -0.7305311083573399]], "fy": 13716.489503748067, "fx": 13716.489503748066}, {"id": 10, "img_name": "UHD19", "width": 3842, "height": 2159, "position": [3.701767674194667, 0.009066917657644667, 1.106257372682622], "rotation": [[-0.4339792992107678, 0.15506831947549662, -0.8874772020461008], [0.008690352574420732, 0.9857504065026829, 0.16798992187606934], [0.9008809275529494, 0.06519165878270722, -0.4291428689801288]], "fy": 13174.157756574908, "fx": 13174.157756574908}, {"id": 11, "img_name": "UHD20", "width": 3842, "height": 2159, "position": [3.975676102158803, 0.1756708826042412, -0.24492482030704749], "rotation": [[0.08236099814638112, 0.1322806024942967, -0.9877846466654954], [-0.17578883148985647, 0.9775397111587009, 0.11625145087780434], [0.9809765301513398, 0.16406692327068725, 0.10376459888000229]], "fy": 6064.813988210078, "fx": 6064.813988210078}, {"id": 12, "img_name": "UHD21", "width": 3832, "height": 2155, "position": [3.6503608904374585, 0.3552492325647788, -1.5649041940637334], "rotation": [[0.43521972974094375, 0.1343481587239142, -0.8902439885175937], [-0.10348162992537001, 0.9897151569532536, 0.09876973405342995], [0.8943575007301099, 0.04913736200174436, 0.44464612957193367]], "fy": 6102.792626214125, "fx": 6102.7926262141245}, {"id": 13, "img_name": "UHD22", "width": 3841, "height": 2159, "position": [2.8866678317311445, 0.4993283773419103, -2.832998935775221], "rotation": [[0.729699931162291, 0.04504051101807987, -0.6822824655734442], [-0.09254357937577762, 0.9951522884628139, -0.03328075545332319], [0.6774759747607786, 0.08742582647281626, 0.7303307664938387]], "fy": 13344.069979756505, "fx": 13344.069979756505}, {"id": 14, "img_name": "UHD23", "width": 3846, "height": 2160, "position": [1.7257312098999684, 0.5832116044115351, -3.593481131132608], "rotation": [[0.9302143895269144, 0.05406336808111026, -0.36301286719453385], [-0.07631935495018989, 0.9959637917665466, -0.04723855999064687], [0.35899379601471776, 0.07164689610673589, 0.9305859319274139]], "fy": 13499.830122897336, "fx": 13499.830122897336}, {"id": 15, "img_name": "UHD24", "width": 3858, "height": 2162, "position": [0.3578911169412035, 0.5874177533444406, -3.803849601289028], "rotation": [[0.9999700855910756, -0.0012408753465340274, -0.0076346677302484385], [0.0013914875171295686, 0.9998039058973801, 0.019753822790343625], [0.007608658585230735, -0.019763855411254926, 0.99977572401705]], "fy": 5759.16709990459, "fx": 5759.167099904591}, {"id": 16, "img_name": "UHD25", "width": 3851, "height": 2161, "position": [-0.9923724120528818, 0.5249467633985601, -3.5772930825318228], "rotation": [[0.9451887501876095, -0.0552490741460364, 0.3218163549678459], [0.08097431373755111, 0.9944551258763358, -0.06709816042943231], [-0.3163248125479844, 0.0894792848892243, 0.9444215534083261]], "fy": 13393.339713874448, "fx": 13393.339713874448}, {"id": 17, "img_name": "UHD26", "width": 3812, "height": 2144, "position": [-2.2174119489450463, 0.4050726369312267, -2.714859488144069], "rotation": [[0.6546483500696897, -0.1805708794230839, 0.7340501994110532], [0.20460593482147754, 0.977130901825649, 0.05789310954874442], [-0.7277169430395738, 0.11229139860990119, 0.6766230062681656]], "fy": 13242.870138767294, "fx": 13242.870138767294}, {"id": 18, "img_name": "UHD27", "width": 3906, "height": 2170, "position": [-2.0690397351335728, -1.5556533188025992, 2.274884617312048], "rotation": [[-0.7712307955514226, -0.3468091004793057, 0.5337850764285698], [0.019694409675571213, 0.8251506466113769, 0.5645693408469479], [-0.6362508862238623, 0.44592584385922435, -0.6295513891318072]], "fy": 4130.361429466896, "fx": 4130.361429466895}, {"id": 19, "img_name": "UHD28", "width": 3827, "height": 2152, "position": [-3.2753021077997846, -0.0041963655494691885, -0.09556979531786126], "rotation": [[0.4396194504223122, -0.2843432767753189, 0.8519880514203578], [0.19391643858302382, 0.956243278849364, 0.2190780831180825], [-0.8770012278541348, 0.06890350214678097, 0.4755219802850843]], "fy": 2505.3409180004683, "fx": 2505.3409180004683}, {"id": 20, "img_name": "UHD30", "width": 3830, "height": 2154, "position": [-2.2215499567801067, -0.3063998840794527, 2.34849479732998], "rotation": [[-0.7136773471270709, -0.07606724252271586, 0.6963321181825929], [0.14175177330418134, 0.95783514348664, 0.2499165314000806], [-0.6859818357382257, 0.2770660796938482, -0.6728025776706681]], "fy": 6437.658664539052, "fx": 6437.658664539053}, {"id": 21, "img_name": "UHD32", "width": 3828, "height": 2153, "position": [0.45945177462214126, -0.3897902491953414, 3.4239959781490885], "rotation": [[-0.9908970835056273, 0.04589072068155867, -0.12655833301434397], [0.009740562346450552, 0.962080658388346, 0.2725911374205365], [0.13426872809860582, 0.2688770137263021, -0.9537699199201078]], "fy": 6151.394663697611, "fx": 6151.394663697611}, {"id": 22, "img_name": "UHD35", "width": 3847, "height": 2160, "position": [3.638891102752543, -1.2550409887740612, 1.051318272945709], "rotation": [[-0.4863991133818384, 0.3914299759899211, -0.7811520187504424], [-0.18265400621524625, 0.8287295027612791, 0.5290037100688083], [0.8544316336108361, 0.3999874812410669, -0.33159704210916113]], "fy": 5777.171735258481, "fx": 5777.171735258481}, {"id": 23, "img_name": "UHD37", "width": 3857, "height": 2162, "position": [0.47969926005268787, -0.6513170276203142, -4.018692262087846], "rotation": [[0.9997599925851259, 0.002365976249053686, 0.021779792987490658], [-0.008667260812865372, 0.9557573314631617, 0.29402857334690774], [-0.02012053220446223, -0.2941467754553925, 0.9555484491500179]], "fy": 6769.857453524938, "fx": 6769.857453524938}, {"id": 24, "img_name": "UHD38", "width": 3839, "height": 2159, "position": [-2.847944536262717, -0.962257022629937, -1.762814025067295], "rotation": [[0.43539206370460937, -0.4502821365036305, 0.7795381635357997], [0.1549378519276913, 0.8904811142131646, 0.42782899302141], [-0.8868077654729205, -0.06549337963036252, 0.45747415699853367]], "fy": 4248.21185019458, "fx": 4248.211850194581}, {"id": 25, "img_name": "UHD39", "width": 3874, "height": 2165, "position": [-3.3128661302981075, -1.2191185160611722, -0.47141219698916914], "rotation": [[0.13477707805188568, -0.5139807161489647, 0.8471475447988932], [0.012586888627867223, 0.8557672186584465, 0.5172079250207369], [-0.9907959979059592, -0.05904482108181871, 0.12180722325441312]], "fy": 5200.16166390652, "fx": 5200.16166390652}, {"id": 26, "img_name": "UHD40", "width": 3879, "height": 2166, "position": [-2.875087908168184, -1.219321977394021, 1.115375735709834], "rotation": [[-0.39585384727355133, -0.42717126257816856, 0.8129110923256617], [0.020823871124523316, 0.880818534212125, 0.4729958521803262], [-0.9180773921571734, 0.20416518365229935, -0.3397800461976921]], "fy": 5071.624591672512, "fx": 5071.624591672512}, {"id": 27, "img_name": "UHD42", "width": 3868, "height": 2164, "position": [0.1793464439318889, -1.7066608005871073, 3.3439857282044123], "rotation": [[-0.9908720992128485, -0.06921287874783612, -0.1156808558792669], [-0.12047211944009895, 0.8397070407685955, 0.5295078414162141], [0.060489267139988714, 0.5386108642601681, -0.8403805004054897]], "fy": 5442.995405237537, "fx": 5442.995405237537}, {"id": 28, "img_name": "UHD45", "width": 3988, "height": 2183, "position": [2.7094183123860027, -0.8122113477610996, -1.4018437389919367], "rotation": [[0.5550190429840147, 0.5056937620915535, -0.6604753446623115], [-0.1563787317569175, 0.8432692141274892, 0.5142399486221434], [0.817006459080469, -0.1821286673934056, 0.5471102213761828]], "fy": 4238.234080021207, "fx": 4238.234080021206}, {"id": 29, "img_name": "UHD47", "width": 3865, "height": 2163, "position": [-0.36448821808244536, -0.5867895293461933, -2.142551542203718], "rotation": [[0.9052449445085714, -0.3082448624590848, 0.2924323771562468], [0.15556045813129205, 0.8809079420141315, 0.44699232830375285], [-0.39538909229726604, -0.35914663086823934, 0.8453881731064948]], "fy": 4064.6582441243345, "fx": 4064.658244124335}, {"id": 30, "img_name": "UHD51", "width": 3835, "height": 2157, "position": [-1.7122159716912917, -0.2250732722021578, 2.7396395746619], "rotation": [[-0.8108518868228684, -0.1025000736156068, 0.5762056512605452], [-0.013145417415256462, 0.9874851551833725, 0.15716318364505513], [-0.5851037648458371, 0.11986160019483239, -0.8020516075427824]], "fy": 13436.825414809293, "fx": 13436.825414809293}, {"id": 31, "img_name": "UHD52", "width": 3832, "height": 2155, "position": [-1.2692982573977036, -0.3110890051013218, 3.0132535290670868], "rotation": [[-0.8918463203198377, -0.06934558171462192, 0.4469914218736489], [0.017256996033754374, 0.9822434740624623, 0.18681529313628484], [-0.4520092222730158, 0.1743242609574632, -0.874813531572173]], "fy": 13562.857983455224, "fx": 13562.857983455222}, {"id": 32, "img_name": "UHD57", "width": 3873, "height": 2165, "position": [3.102698813271204, -0.1027577210305725, 2.292057808360019], "rotation": [[-0.5189486899438235, 0.00883386641576613, -0.854759744027371], [-0.1894903300262207, 0.9738793230509689, 0.12510986755784173], [0.8335380447418955, 0.22689430785706183, -0.5037194665981468]], "fy": 6640.429994749764, "fx": 6640.429994749764}, {"id": 33, "img_name": "UHD59", "width": 3838, "height": 2158, "position": [-1.2120067943554096, 1.3157883899545657, -3.3998277964634007], "rotation": [[0.9249001510278151, 0.04285905687976362, 0.3777867280253531], [0.02624433435910737, 0.9840597607544819, -0.17589093830518682], [-0.3793032369263046, 0.17259631660962196, 0.9090322139231474]], "fy": 13300.683481402186, "fx": 13300.683481402184}, {"id": 34, "img_name": "UHD61", "width": 3842, "height": 2159, "position": [-3.4332936823051763, 1.1187481354630964, -1.4279732970987147], "rotation": [[0.3876085431724641, 0.02503341370715193, 0.9214840994058912], [0.09563283575641984, 0.9931453155634874, -0.06720671766636696], [-0.9168500302584417, 0.11417403545669966, 0.38255759258264205]], "fy": 14573.03723894135, "fx": 14573.03723894135}, {"id": 35, "img_name": "UHD62", "width": 3845, "height": 2160, "position": [-3.0054817952780732, 0.643389133962646, 1.4162440173289164], "rotation": [[-0.4954194780462733, -0.013579975611343808, 0.8685477102812214], [0.10209266640249191, 0.9920377253831175, 0.07374441594805665], [-0.8626335422641451, 0.12520677169820252, -0.4900883961916734]], "fy": 13481.460420815307, "fx": 13481.460420815307}, {"id": 36, "img_name": "UHD63", "width": 3846, "height": 2160, "position": [-3.3429419863028467, -0.015988998167316918, -0.06157051517826605], "rotation": [[-0.04789862029239592, -0.13501597417502095, 0.9896850048837029], [0.14495494720282912, 0.9793936737236145, 0.14062750496111], [-0.98827819234035, 0.15019560109314808, -0.027340372286383426]], "fy": 13508.737478199759, "fx": 13508.737478199759}, {"id": 37, "img_name": "UHD68", "width": 3846, "height": 2160, "position": [1.7120281291518222, 1.40060114574554, -3.5000306134343293], "rotation": [[0.9304014787092786, -0.03035881199015451, -0.3652826726661617], [-0.02890668159561635, 0.9873830324847067, -0.15568927683188144], [0.3654004545354554, 0.1554126432947172, 0.9177850609644024]], "fy": 13382.091492063222, "fx": 13382.091492063222}]