[{"id": 0, "img_name": "UHD01", "width": 3843, "height": 2159, "position": [0.5828696635101476, 0.396173382534739, 3.731563777532421], "rotation": [[-0.9994007240384365, -0.024952980601295964, -0.02399044706877958], [-0.024656929592744438, 0.9996170926070957, -0.012558024955994174], [0.02429462110235538, -0.01195896846923997, -0.9996333099985436]], "fy": 13655.044946237982, "fx": 13655.044946237984}, {"id": 1, "img_name": "UHD02", "width": 3828, "height": 2152, "position": [1.74176946355781, 0.4297131076371284, 3.434172495720243], "rotation": [[-0.9071325517413295, -0.06796392114013584, -0.41532088677855045], [-0.09681068416464997, 0.9941070484738402, 0.048773636384857474], [0.40955857334798457, 0.08445165242840011, -0.9083664972902051]], "fy": 6068.269787886632, "fx": 6068.269787886632}, {"id": 2, "img_name": "UHD03", "width": 3840, "height": 2159, "position": [2.9939741629930867, 0.5850824158695919, 2.5925329389248044], "rotation": [[-0.696590798529734, -0.01216303173975568, -0.7173655414519186], [-0.049110770377413376, 0.9983195071920411, 0.030761888641256722], [0.7157858559909129, 0.05665882295580979, -0.6960175185615789]], "fy": 13711.08780577742, "fx": 13711.08780577742}, {"id": 3, "img_name": "UHD04", "width": 3850, "height": 2161, "position": [3.69339781575168, 0.7694780439526356, 1.372530989470893], "rotation": [[-0.4332702824693942, -0.078228695744133, -0.8978625359658698], [-0.17675988016881697, 0.9842538971757683, -0.00045897387476740055], [0.8837606050801295, 0.15850721452503072, -0.4402756589364429]], "fy": 5513.449294680163, "fx": 5513.449294680163}, {"id": 4, "img_name": "UHD09", "width": 3851, "height": 2161, "position": [0.32169631520192904, 1.3138897690255642, -3.548408054553037], "rotation": [[0.9986327267686019, -0.020479043793538588, 0.04809662973649037], [0.02935881219300777, 0.9809775074172122, -0.19188848346925083], [-0.043252019297628404, 0.19303817940193996, 0.9802374835313441]], "fy": 6671.796188299055, "fx": 6671.796188299054}, {"id": 5, "img_name": "UHD10", "width": 3847, "height": 2160, "position": [-1.0140515585947454, 1.2562984831377682, -3.2958857905621683], "rotation": [[0.9276642160006873, -0.027388946618374245, 0.3724096507274832], [0.09954295646830469, 0.9793564289552894, -0.17593233040431291], [-0.35990318443906466, 0.20027688500443325, 0.9112402905729868]], "fy": 6186.648960656152, "fx": 6186.648960656152}, {"id": 6, "img_name": "UHD15", "width": 3847, "height": 2160, "position": [-2.3460223147435695, 0.482467215659206, 2.5469937835690093], "rotation": [[-0.7519454251478093, 0.09587263525845938, 0.6522166169363358], [0.12186065143692815, 0.9925325110793091, -0.005403339890193948], [-0.6478642290099433, 0.07541652510690128, -0.7580133828041246]], "fy": 13535.96509837936, "fx": 13535.965098379358}, {"id": 7, "img_name": "UHD16", "width": 3899, "height": 2169, "position": [-0.3175186454091751, -0.4328396601916969, 3.3797462746899547], "rotation": [[-0.9844521818045315, -0.03912479755959557, 0.17124004191840903], [0.013623824479171797, 0.9549339872403493, 0.2965054323613803], [-0.17512365102081023, 0.29422836407995917, -0.9395538178433277]], "fy": 4093.716383764238, "fx": 4093.716383764238}, {"id": 8, "img_name": "UHD17", "width": 3843, "height": 2159, "position": [1.7332114784491521, -0.387581462239107, 3.320258249213245], "rotation": [[-0.9269951870386876, 0.013198868749557773, -0.37484091701792593], [-0.06003626519727251, 0.9812735196723124, 0.18302438758557527], [0.3702371808290875, 0.1921667751034087, -0.9088434191201938]], "fy": 13685.936672148502, "fx": 13685.936672148502}, {"id": 9, "img_name": "UHD18", "width": 3842, "height": 2159, "position": [2.990457385153308, -0.251269547067935, 2.447821165515224], "rotation": [[-0.7518906425088467, 0.057936788818154526, -0.6567372307164212], [-0.08454692672740384, 0.9794330130553136, 0.18320150140853309], [0.6538442313644622, 0.19327260912718672, -0.7315281400415058]], "fy": 13650.35649488973, "fx": 13650.35649488973}, {"id": 10, "img_name": "UHD19", "width": 3896, "height": 2168, "position": [3.474478802360776, -0.010548269713556453, 1.1298351838689504], "rotation": [[-0.4290937189739598, 0.1582286759231027, -0.8892931274066598], [0.01260650157643079, 0.9854904723244057, 0.16926194219559051], [0.9031719971606181, 0.06141836104490024, -0.4248624818355445]], "fy": 12336.426081565882, "fx": 12336.426081565882}, {"id": 11, "img_name": "UHD20", "width": 3842, "height": 2159, "position": [3.9259905246891766, 0.12264633302430133, -0.09945130315975836], "rotation": [[0.0831142643447295, 0.1327105995885105, -0.9876638678312032], [-0.17035431471250326, 0.9783966729343287, 0.11712966255338345], [0.9818713900105591, 0.15851765563461415, 0.10392654295625377]], "fy": 6026.2752871472985, "fx": 6026.2752871472985}, {"id": 12, "img_name": "UHD21", "width": 3836, "height": 2157, "position": [3.6076068127293963, 0.29241945640887734, -1.4080265579452975], "rotation": [[0.4357740298439342, 0.13493581672658972, -0.8898838802214063], [-0.09866000724993564, 0.9899016894981647, 0.10178825127745111], [0.894632437307647, 0.043439273624302936, 0.4446862170384555]], "fy": 6070.959485171382, "fx": 6070.959485171382}, {"id": 13, "img_name": "UHD22", "width": 3843, "height": 2159, "position": [2.8531291133322325, 0.42872924066626605, -2.66535811388367], "rotation": [[0.7297461646518377, 0.04508135777691279, -0.6822303176764595], [-0.08889794464105051, 0.9956096888936534, -0.029300218765039063], [0.6779142206905896, 0.08203059528049528, 0.7305499920083485]], "fy": 13285.795836957486, "fx": 13285.795836957486}, {"id": 14, "img_name": "UHD23", "width": 3846, "height": 2160, "position": [1.7017021194183195, 0.5073984925124253, -3.411920002371161], "rotation": [[0.9300616240371399, 0.053803398097361184, -0.3634426637677181], [-0.07408556687679092, 0.9963633713586901, -0.042087539667813985], [0.3598565051155005, 0.06606986126761694, 0.9306653905449239]], "fy": 13416.96779188243, "fx": 13416.967791882433}, {"id": 15, "img_name": "UHD24", "width": 3859, "height": 2162, "position": [0.35031401156602116, 0.5100449481470709, -3.6191635546427645], "rotation": [[0.9999619489170863, -0.0014989755167516526, -0.008593822801443652], [0.0017206651869554833, 0.9996644215754397, 0.025847312192099948], [0.0085521944117772, -0.025861115765597936, 0.9996289624966361]], "fy": 5721.155357363479, "fx": 5721.155357363479}, {"id": 16, "img_name": "UHD25", "width": 3853, "height": 2161, "position": [-0.9800105685136901, 0.44854107799243137, -3.3892304091175363], "rotation": [[0.9457344957589349, -0.05550538889499383, 0.3201646690926539], [0.07934867416648961, 0.9949230082999558, -0.061903113519322435], [-0.31510323933532214, 0.08394855185755945, 0.9453372885914347]], "fy": 13293.878170993907, "fx": 13293.878170993907}, {"id": 17, "img_name": "UHD26", "width": 3839, "height": 2159, "position": [-2.2917064744328344, 0.32614122187543265, -2.643768499245786], "rotation": [[0.6570816681681728, -0.18046064949501892, 0.7319000173119052], [0.19910172889325767, 0.9779908337023029, 0.062389348017031124], [-0.7270503303823245, 0.10472766195285008, 0.6785498757739498]], "fy": 13682.757048372128, "fx": 13682.75704837213}, {"id": 18, "img_name": "UHD27", "width": 3890, "height": 2167, "position": [-2.1025887311461586, -1.6213279558159837, 2.4656122685033743], "rotation": [[-0.7720895778395261, -0.3457471428331194, 0.5332322167820658], [0.01601419570259706, 0.8282057673447197, 0.5601952806592919], [-0.6353119149894644, 0.4410602228264054, -0.633912178864502]], "fy": 4187.38220177175, "fx": 4187.38220177175}, {"id": 19, "img_name": "UHD30", "width": 3839, "height": 2159, "position": [-2.2199963337034876, -0.34400312755818496, 2.48237052086508], "rotation": [[-0.713488534087677, -0.07542480593606825, 0.6965954424017744], [0.1390475623596317, 0.9591737043768501, 0.24627541540688846], [-0.6867313063544297, 0.2725745833372905, -0.6738718048644272]], "fy": 6425.100152138612, "fx": 6425.100152138614}, {"id": 20, "img_name": "UHD32", "width": 3836, "height": 2157, "position": [0.4471428575630267, -0.41687718015153985, 3.5343409521365805], "rotation": [[-0.9907986633865851, 0.04632430339283651, -0.12716944423298174], [0.010684540851091499, 0.9634404118027403, 0.26770956929509926], [0.13492164102974127, 0.26388753631146467, -0.9550704261787752]], "fy": 6112.893056071222, "fx": 6112.893056071222}, {"id": 21, "img_name": "UHD35", "width": 3867, "height": 2163, "position": [3.781908200915628, -1.36805745805051, 1.2674704577501437], "rotation": [[-0.4842102843517128, 0.38540378822128374, -0.7854962256769388], [-0.17895259208110953, 0.8351580385258307, 0.5200836668009666], [0.8564557024829039, 0.3923964458431943, -0.33542310441313344]], "fy": 6045.376693787358, "fx": 6045.376693787359}, {"id": 22, "img_name": "UHD37", "width": 3858, "height": 2162, "position": [0.47112840412556384, -0.7134957808265145, -3.82132828704966], "rotation": [[0.9997717188847869, 0.002278745087558543, 0.02124423307593258], [-0.008534556196580296, 0.9541207262422072, 0.29930051972151744], [-0.01958753350184839, -0.29941350516613136, 0.9539223665767802]], "fy": 6718.900163607728, "fx": 6718.900163607728}, {"id": 23, "img_name": "UHD38", "width": 3781, "height": 2126, "position": [-2.7707414824431393, -0.9848514100175658, -1.5858669824855758], "rotation": [[0.43975996015656094, -0.45106134609445975, 0.7766304394643272], [0.15276884241411337, 0.8897000061587401, 0.43022735829859715], [-0.8850270381353055, -0.07055183272312411, 0.4601625589602619]], "fy": 4150.0891556594315, "fx": 4150.0891556594315}, {"id": 24, "img_name": "UHD39", "width": 3860, "height": 2162, "position": [-3.291698758651547, -1.2622724876310039, -0.33370550947459243], "rotation": [[0.1395908503718001, -0.514288379764234, 0.8461807472000038], [0.007991796676181679, 0.8551046917911047, 0.5183937666125302], [-0.9901770173450626, -0.06560052222596165, 0.12347487924803498]], "fy": 5169.471398897952, "fx": 5169.471398897952}, {"id": 25, "img_name": "UHD40", "width": 3851, "height": 2161, "position": [-2.7745806020013957, -1.2179266797581783, 1.2110864147807816], "rotation": [[-0.393195118204422, -0.43073289629081196, 0.8123218395889272], [0.01567493718375395, 0.8802132131087157, 0.4743195081515371], [-0.9193214320162972, 0.199233208882855, -0.3393438272810405]], "fy": 4932.388466567306, "fx": 4932.388466567306}, {"id": 26, "img_name": "UHD42", "width": 3884, "height": 2166, "position": [0.17267458631566027, -1.7258711076620505, 3.467727662854469], "rotation": [[-0.9906586236859393, -0.06988480648424687, -0.11709656331139617], [-0.12149258832535935, 0.8422846121047834, 0.5251630063070887], [0.06192771833908633, 0.5344836255996567, -0.8429070006039578]], "fy": 5422.591115403556, "fx": 5422.591115403556}, {"id": 27, "img_name": "UHD45", "width": 3840, "height": 2159, "position": [2.7114761093174105, -0.8468041764019412, -1.2795891848401295], "rotation": [[0.5634360249130315, 0.49466805171881845, -0.661697335976888], [-0.15076804474887454, 0.849047482610659, 0.5063470834863218], [0.8122861826430405, -0.18553137438506553, 0.5529640735219473]], "fy": 4195.050689245169, "fx": 4195.050689245169}, {"id": 28, "img_name": "UHD47", "width": 3871, "height": 2164, "position": [-0.3668945845990862, -0.6425479898300835, -1.9722153194951528], "rotation": [[0.9054795942056613, -0.3079836882828139, 0.2919807394827022], [0.15318693582685325, 0.8788086747660386, 0.45191711170073917], [-0.3957783055817115, -0.3644740881155659, 0.8429223997042647]], "fy": 4041.216429716033, "fx": 4041.216429716033}, {"id": 29, "img_name": "UHD51", "width": 3854, "height": 2161, "position": [-1.749170661551701, -0.27162040731812087, 2.933349948327588], "rotation": [[-0.811850395696072, -0.10174943693981923, 0.5749312890168362], [-0.015821234839222674, 0.988170308608942, 0.15254222271840145], [-0.5836511145678498, 0.11474534093434015, -0.8038562577958628]], "fy": 13682.773413627481, "fx": 13682.773413627481}, {"id": 30, "img_name": "UHD52", "width": 3839, "height": 2159, "position": [-1.2701676061880434, -0.3459681463719675, 3.1423750616063137], "rotation": [[-0.8920209797570816, -0.06820631133362223, 0.44681816297849514], [0.016132925147534508, 0.9831145063163476, 0.18227889673944248], [-0.4517059888903401, 0.16980508403644834, -0.875858397822373]], "fy": 13530.206346989682, "fx": 13530.20634698968}, {"id": 31, "img_name": "UHD57", "width": 3874, "height": 2165, "position": [3.0651715629158174, -0.139567564440976, 2.413268704821657], "rotation": [[-0.5175783704121445, 0.009026289921560576, -0.8555881933335452], [-0.18509244850362938, 0.9750867247291373, 0.12225655305109429], [0.8353762122471764, 0.2216402611152939, -0.5030130998933371]], "fy": 6600.691754018494, "fx": 6600.691754018494}, {"id": 32, "img_name": "UHD59", "width": 3839, "height": 2159, "position": [-1.201390072961964, 1.2316234235713344, -3.227580938056865], "rotation": [[0.9255445292809393, 0.04235305202895449, 0.3762625988614299], [0.024035177089327186, 0.9851485982376932, -0.1700133808045501], [-0.37787515740044253, 0.1663984927039334, 0.9107809325218935]], "fy": 13215.188545208537, "fx": 13215.188545208537}, {"id": 33, "img_name": "UHD61", "width": 3836, "height": 2157, "position": [-5.316283982090772, 1.1547270422692273, -1.887709432994329], "rotation": [[0.36135640010996656, 0.023581327203076232, 0.9321295366562027], [0.09014463526736695, 0.9941139098969394, -0.06009558121803356], [-0.9280600717798818, 0.10574239999527786, 0.35710369363975997]], "fy": 21891.943663310994, "fx": 21891.943663310994}, {"id": 34, "img_name": "UHD62", "width": 3807, "height": 2141, "position": [-2.6040665991425485, 0.6411066693740191, 1.3153735671601563], "rotation": [[-0.49243337560829, -0.011052098882630172, 0.870279967422733], [0.09681700778836158, 0.9930179444833531, 0.06739309265024583], [-0.8649484594991387, 0.11744451049046459, -0.4879251472979457]], "fy": 11750.061550141085, "fx": 11750.061550141085}, {"id": 35, "img_name": "UHD63", "width": 3822, "height": 2149, "position": [-3.3157587556535804, -0.05811824944560512, 0.05593847269993162], "rotation": [[-0.04009810409506349, -0.13414282578401104, 0.9901504150070642], [0.13981222284861614, 0.9804453412022647, 0.1384899825146348], [-0.9893657990804563, 0.14398831621161282, -0.02055919269899119]], "fy": 13391.663051873551, "fx": 13391.663051873551}, {"id": 36, "img_name": "UHD68", "width": 3845, "height": 2160, "position": [1.6894089234502772, 1.3163431772695242, -3.32784778152026], "rotation": [[0.9302224455099343, -0.030444671317355544, -0.3657312180521312], [-0.026507791218479532, 0.9883764894810233, -0.1496972011959022], [0.36603761947952135, 0.1489464233526509, 0.9186029741385656]], "fy": 13304.189020800282, "fx": 13304.189020800282}]